0 0.122974
1 0.252449
2 0.377624
3 0.50608
4 0.634677
5 0.762597
6 0.89685
7 1.03245
8 1.16228
9 1.28973
10 1.41908
11 1.55128
12 1.67861
13 1.8092
14 1.93819
15 2.06772
16 2.19744
17 2.32871
18 2.45888
19 2.59191
20 2.72134
21 2.84907
22 2.97871
23 3.10918
24 3.23675
25 3.36652
26 3.4963
27 3.62291
28 3.75184
29 3.88374
30 4.01185
32 4.14193
33 4.27302
34 4.40168
35 4.53128
36 4.6635
37 4.79212
38 4.92683
39 5.05926
40 5.18962
41 5.31698
42 5.45042
43 5.58071
44 5.71167
45 5.84412
46 5.97551
47 6.10836
48 6.24167
49 6.37302
50 6.5031
51 6.63138
52 6.75899
53 6.88796
54 7.01528
55 7.14297
56 7.27106
57 7.4011
58 7.5315
59 7.65778
60 7.78646
61 7.91608
62 8.04231
63 8.1684
65 8.30625
66 8.43763
67 8.5671
68 8.69619
69 8.82884
70 8.9573
71 9.08733
72 9.21601
73 9.34381
74 9.47552
75 9.60651
76 9.7347
77 9.86471
78 9.99241
79 10.1229
80 10.2531
81 10.3853
82 10.5167
83 10.646
84 10.7748
85 10.9072
86 11.035
87 11.1673
88 11.2964
89 11.4297
90 11.5602
91 11.6906
93 11.8205
94 11.9513
95 12.0807
96 12.2099
97 12.3413
98 12.472
99 12.6011
100 12.7319
101 12.8626
102 12.9912
Total time cost: 12.991230 SEC 
