4
28
0.8915 0.9641 0.8035 0.9609 
0.8793 0.9894 0.8926 0.8069 
0.9822 0.7888 0.8378 0.9365 
0.9048 0.7864 0.8498 0.9842 
0.7383 0.8375 0.9753 0.9699 
0.7323 0.8405 0.9856 0.9573 
0.9862 0.8601 0.7257 0.9126 
0.9393 0.7820 0.7588 0.9889 
0.9468 0.7112 0.8393 0.9757 
0.8517 0.9267 0.6989 0.9877 
0.7751 0.9534 0.7382 0.9827 
0.6788 0.8621 0.9679 0.9762 
0.9378 0.8444 0.6875 0.9884 
0.9363 0.6744 0.8696 0.9805 
0.7085 0.9938 0.8288 0.8719 
0.8967 0.6656 0.9027 0.9855 
0.9441 0.7471 0.7382 0.9896 
0.8097 0.9964 0.7467 0.8096 
0.9648 0.6876 0.7438 0.9831 
0.9890 0.8586 0.6080 0.9366 
0.6849 0.9967 0.7861 0.8174 
0.8386 0.9728 0.6008 0.9797 
0.9416 0.6934 0.6840 0.9930 
0.9890 0.0000 0.0000 0.0000 
0.0000 0.9967 0.0000 0.0000 
0.0000 0.0000 0.9856 0.0000 
0.0000 0.0000 0.0000 0.9930 
0.0000 0.0000 0.0000 0.0000 
